0.1087
0.1546
0.2066
0.2445
0.2752
0.2957
0.3601
0.4117
0.3922
0.4509
0.4442
0.469
0.4729
0.4934
0.4949
0.4976
0.5364
0.5547
0.5348
0.561
0.556
0.5584
0.5314
0.5611
0.5222
0.573
0.5531
0.5844
0.577
0.5808
0.5807
0.5789
0.5983
0.5904
0.5658
0.5886
0.5931
0.6016
0.5923
0.5599
0.5717
0.5761
0.605
0.6122
0.5812
0.576
0.5662
0.5617
0.5702
0.5908
0.6064
0.6001
0.5958
0.6126
0.6233
0.629
0.6422
0.6135
0.5985
0.635
0.6002
0.6351
0.6196
0.6281
0.6289
0.6415
0.6361
0.6356
0.6395
0.6526
0.6543
0.6356
0.6431
0.6513
0.6153
0.6452
0.6463
0.6528
0.6623
0.6545
0.6387
0.6761
0.6563
0.6461
0.6451
0.6843
0.6795
0.6642
0.6604
0.6666
0.6727
0.6638
0.647
0.6791
0.682
0.6494
0.6845
0.6943
0.6734
0.6791
0.6841
0.7027
0.6919
0.6882
0.7121
0.6734
0.7044
0.7048
0.7123
0.7097
0.7096
0.6899
0.721
0.7099
0.7248
0.7291
0.7233
0.7329
0.71
0.727
0.7279
0.7349
0.7361
0.7348
0.7291
0.736
0.7387
0.7363
