Seed:696
41.32949495315552
69.4078471660614
96.19315004348755
123.56722688674927
150.10300970077515
176.76399636268616
203.58086729049683
230.10985708236694
257.9438591003418
285.4289438724518
312.3985619544983
339.3914752006531
366.4165802001953
393.8482999801636
421.16792035102844
447.93180871009827
474.6054937839508
501.7375133037567
529.487003326416
556.6495332717896
583.3261051177979
610.2780904769897
637.2360484600067
664.2507960796356
691.0813417434692
717.9059734344482
744.7581136226654
771.4808268547058
798.4136500358582
825.1137611865997
851.9946296215057
878.9465975761414
905.8799793720245
932.6564092636108
959.5493664741516
986.38014960289
1013.2438633441925
1040.0201225280762
1067.0523324012756
1093.8815188407898
1120.8228793144226
1147.6240274906158
1174.4253227710724
1201.3161392211914
1228.156895160675
1255.1137881278992
1281.7517402172089
1308.8191502094269
1335.6431872844696
1362.2768614292145
1389.1139974594116
1415.751091003418
1442.554799079895
1469.373694896698
1496.3835384845734
1523.1592717170715
1550.150286912918
1577.2110328674316
1605.1319086551666
1632.2307419776917
1659.0632541179657
1685.766837835312
1712.6091103553772
1739.4708604812622
1766.1536231040955
1792.8159010410309
1819.7429933547974
1846.4354701042175
1873.3044741153717
1900.1575436592102
1927.0326874256134
1953.8976306915283
1980.6553156375885
2007.4827737808228
2034.3348133563995
2061.163719892502
2088.2141366004944
2115.038421869278
2141.7285594940186
2168.6428487300873
2195.490041255951
2222.0846185684204
2248.933879852295
2275.829670906067
2302.533005475998
2329.286124944687
2356.1635484695435
2383.233107805252
2410.161349773407
2436.9982228279114
2463.8781497478485
2490.591826915741
2517.4423751831055
2544.258581161499
2571.033093214035
2597.999491214752
2624.7384057044983
2651.417948961258
2678.202028274536
2704.809961080551
2731.5095403194427
2758.156194448471
2784.8684301376343
2811.702188014984
2838.568846464157
2865.231719017029
2891.7947330474854
2918.4837272167206
2945.0507531166077
2971.6753253936768
2998.305809020996
3025.181580543518
3052.0184531211853
3079.018737077713
3105.707975625992
3132.519381046295
3159.1700160503387
3185.8985755443573
3212.5518140792847
3239.5152485370636
3266.5264410972595
3293.16143655777
3319.8587894439697
3346.299430847168
3372.9653809070587
3399.835652112961
3426.5763239860535
3453.31112575531
